50
2100
350
50
50
100
50
200
100
100
150
100
200
550
50
2350
50
100
50
50
250
50
50
250
300
200
50
100
50
300
100
550
550
50
50
250
50
50
50
50
50
50
100
50
100
850
50
150
50
100
100
50
50
0
100
350
50
50
200
50
50
50
150
50
300
100
50
50
50
50
50
50
50
100
150
50
50
50
50
500
50
50
50
250
50
300
50
100
0
50
100
50
50
50
100
100
50
100
50
50
150
200
100
0
50
50
50
100
50
50
50
150
50
50
50
50
50
50
350
250
0
100
50
200
100
50
100
50
50
50
150
50
150
100
50
50
100
150
150
0
0
100
200
50
0
150
50
200
0
0
0
150
100
100
50
50
50
200
0
50
400
50
50
50
100
150
50
50
50
50
0
100
